10677326.648573764
1204044.9794694767
525624.8668241279
618241.9714312886
283496.5320079715
1027257.5318078329
384529.9623100813
615653.1506038932
195827.62605924383
453878.4010789561
337082.8327466388
139648.09832976584
243451.2260342975
343944.4435627072
194235.93957062653
388385.01802595274
231936.1636735783
123651.78804051598
97609.7003383193
101173.92141847832
379684.1331027718
235513.04281261357
267812.45367857465
215957.90125434342
35118.37208237759
38078.04359586849
41501.092256767806
41663.17366755286
255504.41725868403
202563.87233290562
473790.7928180251
175058.70919350692
166734.833920501
90561.73454639524
80399.66662313772
121554.39351197176
147294.25686769708
289395.1826831906
87629.38636566872
382189.25200457906
208364.35324309592
80860.89182867006
103236.74430581027
178203.4393644111
210163.42473655523
215427.1025788063
211129.30207860193
191595.32244731105
188769.8808025981
196010.18443404796
198428.54305391535
158601.3099822998
84133.50697699259
134991.84932442597
143202.94452689413
242412.3415030546
213740.46449164458
58252.20646880394
123666.4686993721
60127.31927135379
59793.676141117896
68138.643410971
69133.07174327761
62328.747762990555
63722.77456168241
57367.53816972777
51961.45284182527
203381.67160894704
176467.95062619587
184341.44449455795
166933.02539559297
173742.11019986175
152241.40350838593
285092.0535737858
115337.74722285604
135879.88297418106
102883.03690533305
44200.18590176383
56003.93022604876
133135.12794068802
115957.78635725864
72390.62750066713
212028.70430899775
107503.38664990802
90040.91601872999
150151.1191521578
147154.7584711119
95734.74940952034
140396.06013009715
136952.00786395406
92513.71788095873
51047.47309910974
51747.78026492097
47216.457432769064
48785.09950196466
192270.5387315972
121981.96272189118
113712.56915357501
76540.18022468478
81318.90883308233
110669.29118123166
118361.82824990916
116286.82051831622
85663.45234343063
173178.99386363805
163612.88069476638
204660.5385662345
81220.98515483945
86296.71300493284
28526.082317662793
13692.280393910962
30033.991559937942
51173.95805931091
85498.93727830399
172632.1458725153
103233.31270510651
49963.106820306115
35571.29510418204
40149.14754849811
42844.88585574128
41306.80017089844
96447.68914584226
145589.99067146835
124654.66771059258
52118.56652237648
35203.46448055533
16421.801674543425
85918.60633122643
112361.793210451
74563.8778271786
41065.618098769075
39465.250136264534
39710.078158034834
121840.11626212542
144994.76420092027
42256.12467637173
33308.06901922891
87152.33247739215
88947.24117687136
100304.28316604259
39298.94710948855
43808.535723841465
38287.93440814351
36104.47423003441
138175.31338571946
31265.74964833814
37760.90632926586
34818.69684547602
61203.45461893082
63253.40399345132
180611.38327605225
110704.51731695131
88611.06072004451
96262.02607626139
85478.3569508486
32336.88218627974
37706.771653574564
35900.37198479231
33344.88139596096
28271.023034206657
101226.55304123634
37037.605873662375
37180.32553029615
31973.818260015443
30109.564577840094
98419.886310777
49182.31048120454
10701.555343339609
9536.671953068224
23423.100394625995
51477.8807313165
79545.46141052246
47505.68971894508
34890.203477282856
30287.975940793058
28799.927916948185
26528.140055789503
68627.96040064789
77955.86860665609
84868.4597622184
58712.19647731337
64165.330354202626
51292.346605278726
41987.965510656664
30065.5109529717
29111.040986970413
109466.92821691203
106636.24291142751
78471.98248918666
59917.213788076886
70660.79402226071
60098.62680512806
25725.692333177078
9135.415181670078
9148.842274696328
53411.114068984985
73368.9651605473
108655.26194683896
31353.811442175578
34177.77157863351
50078.17968590315
84209.92082502675
29553.225136379864
27954.374937900277
8145.61993975972
51188.29860128358
67141.54752252268
75490.82421307231
28154.630036099014
27793.950876635176
48277.15825129664
106563.2112549183
43405.4280347935
26578.808810211893
8140.645366402559
31826.812467985375
64307.169556107634
70707.13273097193
29287.384191867917
25219.80225744913
51518.44417770519
72011.7797228791
51403.38966125666
13645.005951903588
9429.627317561659
34912.70595421902
53381.71357560712
46075.39417129339
24242.3571608122
15180.919788355051
45463.01509113645
46451.94434037319
47575.00224909672
32105.631844409676
42444.49342798632
64117.80625509661
40390.46554503468
91443.7308791848
28439.02932384402
26016.813924212787
44074.822976433956
68770.02161363114
53370.05413995787
62703.821206092834
49082.40741373772
58902.6515779717
41001.655654796334
24225.209916336593
22377.121378654658
20603.784453192424
22788.11920467643
19377.958865675817
65227.99308746914
36551.105497903605
14315.791766100152
6697.593690206838
36549.09872440959
41620.402531002845
50245.77362326688
19243.75822641683
21973.852548998457
23407.778852240983
41268.91451325527
73678.54030172215
33954.600770972495
9921.015245304552
8378.023709241734
21899.777946937917
58480.15967615261
75744.293635823
21784.48000632885
20545.7920929443
19793.593214877816
58864.707405694695
29003.30779472063
26259.34680566677
6912.609615836032
7493.354256746381
24015.98799583524
54147.651786837465
32473.98740169614
19605.298412322998
20037.91304051599
46562.764525845996
43378.45768280917
26161.42184757632
6509.71927021825
7176.862859275452
33020.91100469855
37679.86937012783
52739.12497665716
40734.33870567277
22887.244065040766
41191.19890585611
32949.29171247261
66326.56598237503
13820.271298846534
7047.556204867918
6875.578036679778
54004.854349979134
46120.83674367639
20022.778307292352
19910.974230389264
17832.60241949281
16942.384265425593
66507.12208845449
29776.913336077403
51508.90383813548
56584.67959576984
46504.677669655444
39898.60043306129
18315.26591839901
20745.94575662391
35227.52507622298
45826.572426441104
6953.68059001967
6094.451625025549
8137.1684772580165
32262.994869986247
58921.91369305655
37189.51378281172
32605.236888796786
47603.47501701533
49202.99218816536
66428.24018966319
32474.548118214276
30642.664220410723
35346.01733611351
13249.873867522838
36170.14928798897
49875.06803752101
47622.65802232609
35331.869504684626
48136.14890960205
45701.23421831325
17670.43796344136
17233.98459642987
41640.36124850428
67710.12834273936
6355.262130537699
40723.565836174545
70260.72910907656
32770.16688167217
16562.699626325175
16119.454141738803
16809.9151540357
16771.554787924124
52766.11916227119
201833.1122477332
22518.3603387877
6406.518137865289
17040.144063384036
18717.40278842837
58032.47273030392
15907.362402228422
17339.566976555558
16744.008340525073
16160.405907298244
38970.23367233055
36424.710978252944
43472.43770428591
46968.6364504792
36407.20633925948
30139.439490340475
52322.65674273635
35534.484242206396
17311.699291140536
19376.613520106603
62957.36764221413
59813.7273180762
33000.469509485156
46336.90906897256
46785.004132647846
39298.515487892684
47971.735783255375
15045.31809078261
15398.080608988917
34916.4728618888
24931.85290711425
39541.394348122354
26206.706246597823
6428.759841841321
6161.677248816158
45643.74866179255
52648.456853023796
49159.00880815816
31545.37959647733
33886.35372979142
44925.96868328715
35436.94798886499
30385.40556366499
61075.284488661346
31671.76633776066
14471.190611639688
14538.446454907573
29096.047253026518
35107.97574323693
14960.561715691589
39444.89658329099
42117.989098837206
36497.44824449406
55521.28705469952
14844.092373504194
12334.956944543263
15795.143194154252
31682.577312547106
44099.13362097186
49184.8643181823
50399.37410443328
15334.531473825144
15197.655674779138
19066.78733874476
13932.575343908265
31688.946419796277
23617.353491826114
31082.238596625106
25112.00766771893
10434.35953630403
27713.405962899673
28617.65356507412
30138.894907108574
17944.077792561333
16549.340714388116
14409.62992617973
36271.790590752
15057.296135924584
13769.612247400506
33254.35691583001
31883.892299696457
11503.762633124063
43378.9458683147
40246.44593562636
30721.151676161346
23721.75384441642
13090.762069923932
15603.030818351479
15021.198685047239
14135.568484927333
20242.184804994005
31301.419788055642
11855.521895746851
5497.4510581659715
28487.125928117784
33276.85475069978
15604.447325240733
15400.03957619778
15087.34802726812
35110.634091508946
48418.918789087336
30999.696046831996
13817.673001170158
4506.962521575218
20928.795504791793
27363.871574834335
50434.926814478495
16993.40539116083
28786.223045881405
16716.013180887978
20303.5688492531
14431.249357622723
29097.668651092885
35090.668817564496
59069.49588793377
28465.89747182713
14802.030713458395
14745.148566379103
37771.38890565828
26612.756814113884
43737.21647677311
39656.78219391579
37102.98620877987
47011.99869965675
30389.997239245924
16147.222468708836
13933.838168831759
12815.834514656732
22399.84864688474
20052.895849731078
4760.231804160185
4787.992725638456
14859.537090198939
31165.709354281425
47204.326492353925
14633.110316476157
15514.977168948151
14518.81401523324
31132.564967033475
46217.7299949402
25244.625800110574
41708.57187617102
35497.342419069864
20728.407383475194
26215.042055573573
16200.591642335405
25278.894040368323
47674.4025238392
40638.36759877759
20807.21669105042
14733.692927116572
16026.264474380849
12666.127974465837
29765.486904188645
32169.049103759055
23454.85713057428
15501.871737147487
8922.378991409789
27803.546971964282
31142.917265925298
38048.778741270995
27139.758207831273
16092.881178833717
42259.70614240336
36791.83797978246
19179.59404860541
17043.97946100734
4315.560077578522
18801.384490905806
18626.212814186896
22176.109163262125
12827.617520852144
13910.365562971248
13742.148567687633
26850.59207839744
29988.484795526016
27202.63715452926
40849.89263317197
39272.89306285769
29003.72694858839
27049.3724083845
14579.380251418712
14879.06993209484
13096.834361231604
41967.021951808485
39764.26182917661
40666.52048616631
37394.727371570676
18452.552877991697
36064.00879589347
12234.436260739038
1739.614993428075
11672.099359993324
26915.37274971674
68733.16011734896
49071.84573858283
4594.952807382096
18130.93209889878
34736.0338872089
30397.919303763745
22904.034437490063
25354.73642451264
12815.669145376183
14669.241649184116
14344.249844928121
20161.902792365054
36058.69402670306
20839.014168938924
34848.13098184452
35304.19518818966
20421.50742964412
25861.866319312605
46557.52896485218
11363.041077347689
13722.268707962923
13129.037608817567
38254.40351986331
56059.73147259202
17681.84067655164
4812.240181368451
10672.212792196939
27187.190725426342
26112.08923699135
10806.049180895783
14671.06259510129
15304.923136245372
12730.334561779055
37789.783558973046
16269.702450829884
5056.266946592997
4425.725942112679
9066.753739451253
30159.384295571683
46667.464518541514
14609.621186156606
12702.136916781581
11584.420324170313
35447.51349506822
22620.08343073379
34016.43672944224
33667.36865802144
27300.69716719694
31423.92846078651
12784.557028997777
14093.097910587177
14193.581884827725
12194.352692215942
10191.431806963543
13255.648358012355
24415.80784846461
43976.60915414677
13228.884352861449
5107.552396053492
20565.723726982294
21196.319035729695
25062.126087277433
20194.11183805244
13668.378091168957
18533.104793188184
7962.608670527159
8437.251464913057
43304.226978679035
35656.30370916322
13831.486670449724
2432.257434479026
12276.474559718787
24745.54184644167
30202.353496612504
24648.343317941177
13663.800914631334
15861.619238165922
22152.103428774102
21317.710550751795
11527.152102409407
12176.225974149482
11382.6598096781
10268.08712982577
23079.9564172279
8421.370290728502
4596.647933449856
4383.005761720414
14437.37972428078
16141.813415527344
34505.19366091351
10713.857183807118
11496.623900524406
12286.553276594295
10589.719162380972
43295.7229457359
32538.915094176005
16413.672126483085
4048.0725658328033
12907.025838602422
22427.827782690525
28172.229854827703
39430.156706737915
11465.33694059627
12499.692641147347
12531.74238728368
32628.665744825852
36606.96475543532
14183.991367852965
4012.833926178688
4577.24095028223
18476.201129802437
25671.981733399767
22205.217440128326
12849.74093886309
11733.133920225986
12223.923948362817
23436.67521188287
38666.823505900626
16868.527568460897
31918.589506637218
32307.85021121003
34612.25825726709
20878.31315076074
35943.7629134156
10631.486528984336
11502.07671143288
25221.921637618263
30593.652308757915
33302.538751604945
14598.494807917712
3977.728839222775
25851.215921535048
22760.227940271066
56686.441418980445
17946.574781051902
12088.175444137218
11491.628826806711
26463.85265246103
18698.815565203513
16003.71205227874
3743.155755652938
8139.71609538655
26076.162045678426
47745.72929057964
22206.481022213782
13486.813033170478
12477.361557805261
11706.34236743561
38335.56717819946
67781.22821260607
4360.17519104758
4347.097672328006
27182.7335712577
34501.403375270755
21586.139714928562
34384.403002007064
33572.35511531386
26958.722965018693
33051.91993936273
27793.7173399149
10970.02401449514
12391.250749454943
10833.227069998897
31423.57823927458
36875.25004965206
14874.752770659536
3597.4375822599545
26247.2273984191
21797.55768336806
27847.11070784857
12047.393311833226
12314.652207568635
12042.73414647302
22479.329003521176
11708.837510142215
38236.94270934615
19509.257112491963
3371.0625745196676
21259.15721866003
17626.634975067405
39732.095453339956
12380.746922326642
32217.919448231543
11434.509464263916
10833.3900539376
11048.119919711768
22030.934411958206
10956.031690110995
42174.24761146723
30113.14153626908
30349.591774962668
38301.96298282091
23208.04140113121
10005.275773808013
13206.282466090002
14011.240059822105
17776.616952568987
7659.995988801468
4199.097724581874
7662.470779344093
12876.265392730402
43024.84936789579
22737.765402150708
11481.575527634732
14168.440240305523
12710.26662826538
32321.33969993924
34588.92834161049
24732.409907027733
16874.56738121565
18323.134001931478
25408.48703841276
12615.782995844997
13317.494907467864
11281.861195292584
34976.77235642699
28412.20133608441
18991.928502559662
3829.4235650994056
17653.145649293136
23267.720506734626
47381.52241778928
21099.85917687416
11781.880131921103
16761.11037254195
39164.618067541785
21103.832172016766
21353.063356754392
32663.69131234635
31689.530077557232
30235.96993169119
49019.09229902888
31197.531945516897
20445.0703207393
16596.920871379763
27314.861899719683
22921.48100150463
12841.207720379496
11185.672885628634
11434.272957380428
27222.44470439678
24540.077027254327
12324.265557516454
3576.8170272028724
10205.957154091015
19519.599983436423
45312.27033734876
9851.899019956589
13022.19992251729
11735.417960850305
22946.22344975139
14784.172288512074
25698.995448391797
32741.883729446767
30155.213009856467
26957.158733456632
25672.093796408455
19847.25762426853
12851.327397679173
11732.61755563492
11322.431048043938
20141.794864362062
13175.761688188066
19454.58457721943
4083.724335057791
11369.002624181814
20159.615031125933
45135.168723025985
43456.363169270895
42153.61897224604
11237.76179672951
9773.409026012865
35407.48113229663
23554.361989509227
24748.842027001603
31882.293408770893
30808.48114794354
19439.60828714038
28888.421090799708
10812.830720546634
14621.270478958308
11778.894237429597
22858.09639970092
43216.23698787911
23434.375370014546
3909.228610593219
3644.811681348224
20469.618058086136
19047.035323503405
26913.00950566558
25530.150940423788
14809.166305763776
20996.608151366545
21038.761053530976
16296.971186790355
19126.449818114903
6545.349522723708
9138.042848453966
18721.57729290807
33211.80013278369
51427.67978678193
12708.746244153312
12356.373203721158
10002.67310266162
24687.197112464626
27168.015735401663
21812.9339396011
31537.42029660247
18096.01495944622
21556.758490895118
24239.375737608865
11024.919400001681
11596.413883652798
12424.964930257132
11658.47759568414
38969.06428609338
22716.979448096696
18120.5387179103
3611.0772462002064
12135.288050296695
19226.31072173008
38943.65252108907
10812.85167515555
11869.290628067283
41161.88026046753
71123.53890068586
32034.13830061846
22037.94679623981
4643.555315106414
4084.7351260961486
20496.595778321112
35126.63792490405
9761.024856256885
12063.14843985369
11395.014449718386
9473.271168620087
20660.956565668417
29185.36788055786
15942.336999293677
3615.166492675626
18740.77281576118
30137.5251636117
36775.928268765296
10136.267046407213
12470.758730422618
13418.125146555347
8963.535661874816
34279.83264039838
21614.799905200336
20023.750637244346
33016.033825497296
31332.78411580241
25859.888232120247
46093.26436766913
10533.0406083728
12101.997970048771
12233.67858686558
25467.020955074666
38416.37617871928
21162.479173560474
33826.553625700086
31468.904949809228
38019.90587549431
35522.30074970112
21044.07165132567
11883.65736885958
11879.738820231238
22108.482242905815
44046.72249621014
21948.968227175777
6800.774223349815
3204.5680875556413
12219.836482422297
24344.206150057704
15958.229099778242
9914.759808530209
12044.205194340197
10601.56663710572
32043.578853426978
42050.1339150584
21488.001451514487
31674.378848674685
33027.1939195145
25782.767720621687
29151.494876085326
21572.25305688104
11502.142004226529
12011.96641646984
12163.83188708993
31244.336958718854
19863.705538272858
7556.434363869734
3444.3592680997626
20447.317170858383
33465.48406401346
22727.94498927094
16373.282113496647
23742.506894496983
11539.396650247796
12517.519298376039
21662.393009962037
13082.320005253305
32997.63521877555
10618.467982236729
3224.2496600483737
13026.97572925479
18142.296829561856
32236.59738997526
9300.495470845422
10560.424515469129
11179.562226495078
6699.5833084860515
25170.820527295735
14234.286058969275
14101.00326270073
3597.555711790573
14159.309966968936
18639.5529860868
26854.36222298755
9734.718281595513
11533.36240617619
11535.81883867397
10706.293415335722
30078.425983595294
26477.605118075084
27303.290993879007
31262.242293956668
15525.354045177615
32074.8842388142
41877.36989604595
11981.601479815883
12200.48292046924
11785.930833328603
34870.38107283171
32088.354496490123
14385.55529069346
31623.74278192742
31524.51052803217
25087.752715576527
18522.356651106547
9761.064391712809
12048.199292426885
13022.210286340049
18499.406566258087
27531.962142893048
15706.290887145109
3913.0074305977932
4033.7432837375377
9182.71099425471
25536.54932206176
26027.74585430844
6562.090923508932
9535.465233492298
11588.082982580328
10820.597282941952
23264.249029891434
33133.43108095402
17920.870547447095
9653.876074919348
23735.105391701985
30878.45159654839
32268.516170856565
24914.229416603266
38849.346865565276
14291.650677403739
11061.56650773869
10531.360645915187
26289.130564775576
38109.16062236387
10482.774429432182
3125.1500407374183
16127.001813350722
22691.13748228827
33811.80476081094
10993.155252051907
12494.426418254541
11508.91547108251
30724.090370513673
33474.94628696109
23150.748201614202
13924.467747993247
12267.568699315538
16431.549930704194
29629.079157651857
18143.214017125065
23118.766768549765
70503.41633960813
69375.97098155355
31929.388974821846
19560.704003367315
30063.324221588846
31014.224600148755
29826.539224047992
25643.60015456621
20122.697811758797
11353.032361751379
11293.994639928951
19095.227028480796
37184.52481697881
20304.000270599543
3632.7243732297143
8175.242264542469
19631.549125432968
25803.718195915222
22570.366983280626
25095.83127718748
33207.79129944291
19064.59371183778
9226.090766388317
12720.08444893083
11132.0302702438
9806.240962497024
29511.75350984307
19197.055735377377
4047.639292400937
3547.3266011379487
12839.309154843175
21712.463531366615
45891.24473161476
18927.24563911349
10433.04087989275
10872.2568263564
40320.96827200922
53411.79612051332
12293.073937861032
2954.3999215059503
15290.729562755241
12582.436431600603
44936.039068527
9240.950258953626
11297.069798635883
11400.944059859874
9402.051832149195
32561.95084674691
23460.814741560192
33527.65244907557
30567.16654484771
28712.465220029964
19781.832328530247
23528.90493934099
11228.212673736172
11421.515234658884
11835.089026074076
14415.163789499638
19237.794440513433
17015.759191124936
3520.9851763082106
5851.578855149968
17691.456929373187
37467.21087796744
19982.204605218976
11958.770708599755
11379.63261373653
20119.105071084443
38080.37147713955
38969.679373563726
22067.543554344844
29002.2286816974
19117.890914323718
23413.058058888415
24133.66531010284
9933.364242196083
10733.30251613883
10279.585466060527
30225.25699969225
31788.417289683985
17426.281589075577
31002.24626709694
28401.172899822857
29667.306156779443
28995.87300376005
17456.06892514437
4037.877093913943
8037.76111242383
8302.516811925312
27048.267536435018
20626.1402132123
28784.539148912874
33418.93267059326
21627.444581719334
43527.79852385854
31986.22670077723
10750.24422232772
10811.505997058957
11211.111253915831
39629.50387582114
26524.28040351424
13994.594579741011
3469.643315426139
17415.00006963763
42342.49961285258
16230.080663060033
7864.560076691384
2984.418949215911
10041.10226253576
16502.357078948688
27703.851898548215
39856.78072257375
8689.701244456823
10493.91345183794
10144.981888610264
18959.053213995558
12779.325816087945
12183.020853829938
23436.597926661027
39703.56100777692
4765.125837459121
4845.9660146569095
30527.15552717586
19760.9604478118
25983.393641150276
29333.99127699608
43943.89673521352
8989.34957480985
11666.916152954102
11653.428170349709
11169.302852264671
22647.370687041173
17775.40744640245
10046.83399047408
4531.5716181328135
14724.227457277997
17519.19658904852
41226.31302044558
10952.448246867158
10907.286009145337
10406.267760249071
9433.371477271236
35838.76475121999
17946.427086968753
3842.929335394571
9351.70174542416
15175.662535272366
17908.794532318447
11272.36526702171
11166.476000408793
10063.529357910156
10821.753174737443
20435.420446596865
13604.127440164255
22055.020429772
3978.896055204924
3986.4874300956726
16885.797057223874
19661.154235997867
22759.10794196018
11499.564536205558
10327.286640965662
9743.720911330955
35957.773849165715
34802.34333831765
16641.52087298105
6805.205820449563
7274.0490634871085
10620.394581373348
24287.123346173485
28757.656068313954
27843.260358943495
20290.993632516194
18493.164711419926
21658.887175820593
11859.986943621969
10698.23231542942
26826.673215888266
17604.901732234066
30698.43741359267
27764.48757044382
14422.911972866503
21342.80327434318
22399.45640708402
17751.926888047263
877.0872699382693
9307.218865746676
16064.098012646964
29667.473714235217
18233.2009604497
11326.48149019064
3910.337434350058
20302.84886416793
26610.47203411751
9538.663078574247
9902.595188559488
3811.5089841887007
9756.922761185224
22661.048556236332
11696.216583540274
19326.25061213693
6622.632005558457
12773.039395393327
14276.11264373674
17250.27261834921
30995.319557413113
8621.16899722676
969.727899172365
10371.80134405265
28903.84923974442
26161.10121047774
15293.355342110923
31204.380993466046
27239.324258493823
24657.63681602478
21239.40842246732
28310.84210595419
26974.052468588186
26642.23826148898
21986.118594901505
28926.850175136744
8994.044693403466
8078.882655742556
10531.93503098155
16736.98244001699
20006.793046662973
26953.268691679765
31107.12746714714
14528.532147335452
28310.700545909793
15542.010420237862
15751.943463156389
31463.78245938656
21559.756557095883
9615.197121725527
12825.201862662338
18955.41402257875
34871.56744279418
12743.22914822573
22416.61846300613
27418.57415558571
10605.355030148528
10320.333249114281
10309.350470964298
20684.565051810685
49256.265864666115
18153.197036610094
20540.51331532833
14670.84577651911
40830.88368081769
28315.827225549278
11359.878481931464
18789.025437799995
42791.69636459129
30564.219720613124
20889.15303296821
3699.245697117129
9115.896724590035
16978.9282491545
24269.12245027409
27491.100913031158
9494.91105761639
10469.722314568453
9147.006955484318
29587.268431380737
42005.14446669956
23111.894460417505
30365.854647880376
27199.96131222747
28967.776139902515
29256.540584320246
19708.00056438668
9813.67198360798
10541.112155825593
23535.597722807597
19642.29280542773
19965.72311000214
37434.13337221811
26565.089299024537
12111.796691938887
3362.2012488786563
13707.44357464757
21932.855260849
17184.7501706079
9432.970629944357
11412.850047976472
10205.17015607967
10147.868190388346
22000.1807034681
16886.994897979635
3480.227197511425
7045.947704004687
22392.319224202354
31627.502201720727
27432.112160821292
11657.461756329203
12255.848029114479
10296.082249707953
8722.194218652194
27731.967186506405
20038.741656368555
3569.938561700111
4746.604613266712
16545.51807107759
12014.007746053296
9342.981489662514
10599.417447866395
18118.2686983541
30265.06998858341
20568.940249476324
17131.608949871952
10645.620506979698
2996.9735817132996
13195.191565804704
24893.356061502946
18528.161639953767
11554.90060218545
10720.382877793423
10242.870869481287
13835.350891368334
26303.58130850071
13559.795939983323
3533.575112748978
3303.9577180285787
12656.20624315808
27544.762913694216
30340.346370594445
18979.33595902698
10034.633739382722
10630.626938448397
10036.625256835028
37178.91252217182
10747.974925132685
3243.530377232751
11930.802168635435
21070.282168593516
25772.43877002805
19451.056171451197
11444.444092994512
10605.239716285883
32128.645288733547
28546.289130016816
17755.200912569846
23415.206069084103
7654.738466588564
23963.587083855342
19517.444545798524
17733.482722806377
13899.373777519824
13848.363238894663
19287.98843658802
27990.409700204465
20842.642983187077
31937.872625320455
28469.09586281
27946.23419047511
32088.487056310787
27710.279191233392
9615.95057576479
11414.005170467288
18703.52029998358
10664.44649690251
46318.14126494873
17209.593183789144
12210.20664157424
10469.069274902344
11264.93160591569
17923.199955674107
26666.689104889716
18387.676198876183
2987.4868618277615
3355.031513768573
7041.74024017467
21636.740556689198
30242.96309139562
17913.650711747105
11502.844036723292
10580.651979934337
12428.77800757386
29775.755014289258
19247.808643074924
28690.21034453636
27621.83572884493
27265.712538608284
35421.004507286605
31599.607057696165
3397.099088014558
8399.778514550177
26955.266365334046
14348.823558374892
17020.02319346091
3569.9358885704087
3644.5432414842207
3660.697634774585
23462.460519366487
18284.25797382621
13469.721173136733
9873.452895408453
10102.864466467568
13329.99015441329
20071.08507029955
28596.29295012008
25868.561026994572
26851.608122631562
9253.41942188906
11358.619770257972
17371.512486621392
8443.682809302973
8419.821507471246
12138.54014789781
11407.38995080216
37823.187617213225
48471.49415426753
17091.279210961144
7395.565168397371
9855.311763859072
17246.087184459666
22493.409944190535
9480.577678095462
10154.394369923792
11518.233190137287
11543.359088720277
31431.39932519336
25194.37517485508
27715.87504746193
3669.856165234433
6579.9064876388675
13383.84402166411
21942.205799368923
56840.6403540955
62042.20355579465
61436.82711153252
49652.69895825275
29293.164904977
23093.699711333873
20796.936388553575
4026.670497517253
9306.430900171747
21524.656264460365
29122.58140765789
20893.73998003228
21861.607476711273
11302.086039213247
10675.21789408839
10768.740912293279
30769.65945049843
31266.54244107701
9568.704224034796
2975.2216038842535
9648.108701850093
18289.995770487676
29512.839591708293
34218.79064935862
24139.442684506263
7196.384440710378
15637.115057351977
24867.44227321619
19634.039960151495
7962.211354338846
3853.4260505742805
16151.096781780554
19900.452474948972
22708.141137167466
18415.28067248644
11209.18576016537
23620.20239121415
34790.96945217044
12979.831523141196
20470.0142240857
28950.182104243788
29532.802172283795
21843.44246457344
16667.302968546403
26201.275893810183
23070.160564688747
21261.46052224137
18958.28697200154
38529.81854875698
8761.741705040598
11568.298151060591
10133.376364774482
8915.273142681566
40382.887535311456
16319.077548614769
9179.723363953968
3368.557101582372
13154.531488307686
19094.33684850848
27103.044434486434
11142.140758228856
11604.704899277798
9923.385926712392
15663.529675051223
27456.243640223216
28266.372661851172
28443.340402913647
25625.316496826883
14883.804788546508
22264.83179185834
28160.583604094594
8998.373248970785
10315.006725222565
10307.142269112343
19127.657262186673
26179.535534049188
10049.295872925326
3591.3461727534614
8003.0441943213
45948.69963180187
36108.09147368614
28394.896005196628
27381.65255397974
19890.20647334221
9123.867597796196
2759.1179823764537
10768.775952328084
23554.74527467406
24423.283839087155
9969.72572392641
10728.143529758898
10989.050657726997
21190.256649632785
28610.48607300603
18191.128262974496
6313.193424553372
4506.716840056486
21352.939352662066
26590.837034452794
9068.403825216516
13385.113141095915
9309.892355322838
27366.91064885328
30291.254277029704
38406.07132740631
8757.701295212431
10373.794429335483
9908.210530125818
18677.882823123487
17283.60022518247
31384.994041043657
25169.92695554467
19822.189056022915
3586.007994971996
8167.301678724067
19466.12424079762
23237.795680667077
16780.42448432085
11252.953981798748
10612.070308951445
13640.301923552224
36530.45639135671
16666.153745019157
10508.889204497948
3413.5701391308808
12725.466497799685
19414.672923165697
11961.613116397413
18785.277273877415
11148.121599064318
10418.481196913608
17715.40973022372
16971.630623495857
20768.89843927428
12171.153084178304
3107.4924255360006
12628.737536946008
21925.774598620657
32248.60159550157
9634.884108887163
11012.329759553422
18318.881721651833
23403.216190986856
17592.000649065474
23281.95189637916
27477.014333325762
28421.99662425906
24478.971090139345
34882.018556938616
21595.788530410722
3839.5904120484065
6796.893081914547
28547.888907368793
24548.29102671978
9029.50396251124
3390.5050663951524
3966.2991676829583
17878.429193674132
10863.233238150908
9913.308265863463
9964.4736200377
20800.54548889537
17840.32564023553
22888.67349680357
8619.622379779816
2944.6702036303145
3632.213780823142
12647.401916961337
29024.75571087904
8486.311239918998
5145.764991197475
7942.186062292304
9487.658504744602
34314.85526893305
18075.000453993332
7163.799500831338
3164.59699692837
16449.093577692674
20793.939822817956
23472.371214511782
9686.58700218866
10034.633918229923
10025.633340663688
12651.384754233582
26150.944945468458
13428.344009488128
3587.5487946632297
14174.272481885067
21506.45137819024
30167.119021227194
9889.648342886636
9527.225946337678
9953.426614101543
29306.146755950394
36384.293165974836
24066.943573369535
3814.5276836212292
3284.753276492274
21186.50628216322
8684.71010040128
19230.136420915293
10211.35951512359
11136.272320946982
9668.615737238595
27684.046137314202
23937.40594648206
20840.413549778074
27867.520614624023
27926.9130795501
22513.826741773028
23762.65168735593
8667.654768150906
2524.527693615403
9255.881205232337
42240.76952851096
21865.583468994428
3321.291329139887
3568.6665543844533
14058.118383299472
18814.021417218584
41237.98503335687
40490.709010013314
10608.241420679315
9965.697752486827
9587.094988156197
29225.494532585144
16965.89957427424
26232.320964591447
26572.639625726744
27965.497249159704
23931.10380211542
21188.820036685745
20329.387916254444
11422.79549310928
25314.61266708374
3044.3507807532023
8744.589330176974
14028.064183346061
33061.905655921895
7771.186944565107
10203.24829906641
9552.14686478016
9567.711325800696
39544.2022922039
23081.4354722888
17031.732677359912
3677.405526047876
14184.408148025357
21765.040455563125
29334.555311136468
6810.978432365629
6376.1773272829005
9263.304762055015
33560.15326673347
18434.641872139866
14439.928161841492
28081.586420813273
27713.631716706033
19945.1024336704
16777.249563084093
9733.021831196407
1714.1280687576116
18421.02374181914
36290.210814398386
11146.428217538567
3044.2556422033977
14834.778525593669
20398.007337226423
27356.57078131297
16370.3266042665
8229.371749570204
5065.302417464034
20450.897059656854
28338.08815362287
22325.556178081868
14175.14632453475
2737.241438754769
6952.0606567083405
13251.077477344246
23199.361798669015
9392.003844771274
10592.300313239874
9313.061596537746
18646.190657903982
22096.325007929358
9229.797077391037
3448.487321482148
19635.1853368116
16658.2709007381
22202.626125266386
8798.20567893982
12142.368119142777
10904.138128862825
12657.40247493012
16869.68986310515
14215.166728008626
26131.249763000844
21615.59966151659
16030.975170667782
9847.182184973428
11097.15454674183
18484.153537040533
27584.484464944795
20139.276219176692
3834.298755948627
10351.830793699553
15297.257539804592
32811.095811489016
38731.59639870843
8254.142798867337
4324.741954032765
9657.920981692714
19306.518786291745
21437.17219303375
11582.636322501787
29298.98197400847
27011.048278808594
22246.646972478822
21642.298853694007
38959.28579312702
28652.77176227126
10076.537216186523
8957.381008857905
20180.03785301918
33188.59512380112
19595.029449263286
27885.872912384744
26911.69432706611
17228.207094658253
28067.782716252084
10076.16360928846
9790.739151355832
9030.183307952659
19930.45198598712
22341.43805854265
9790.20463703954
10005.16086203553
35041.582547187805
27878.37041919176
24069.18932127398
27030.00039317996
19095.14706252065
21805.119545113208
9184.984788288904
9379.684669394826
10231.452201310978
9993.041970807453
26803.282559583353
14002.507061170978
3789.658263414405
3609.7646403160206
13324.014704135961
27370.571921276493
53587.99681040298
62744.591124601146
49897.73280228016
9240.27328591014
34419.96070100679
16329.093184484645
28134.306541642476
26019.017904325974
17667.883018343946
22942.99773819502
8688.719549732154
9797.019165363423
11531.21116691412
10265.951920531517
16732.76855894022
9721.831825361696
3382.2927776242414
10176.456387115079
12858.249404000682
22012.196807240332
20222.762358773587
1805.254044176534
6647.573027402856
17825.217130824578
19189.045545389487
22062.11236172984
25863.602545782578
28020.400482887446
23211.463970960573
27487.78035348238
18130.523666293124
10820.662954236186
10375.560454789982
18968.644157731254
30246.559139861616
43972.62256986042
4532.272277127865
3351.5335857396904
15325.231018964634
25885.59325767395
8821.536154990972
9635.38932389714
10090.028540322946
18148.46352862203
24854.61758185819
18472.60844694667
7154.901428710583
10885.046001988789
18733.215840763824
30630.832875207412
9025.063316755517
9802.550852221111
10062.876773035803
18156.352887682442
39677.967151331344
14937.750135609576
6283.885437122611
4841.777883878974
16478.37470804259
30374.88934641522
8739.98350776628
10191.292640153752
9969.50582814771
31436.313273903936
41500.94630745954
24216.455642614255
13741.651340695315
3407.7299346702043
12477.656701692315
20863.64286668356
25099.781178685123
10898.451308420925
10895.89785686759
8933.893840035727
15524.469468202702
17949.49792673075
29351.504315171132
21076.012285365614
12068.256743497626
15994.215069626653
25610.64887536958
15761.141879597375
18704.15478945333
3559.6574252635933
6758.674490261909
23231.742238712864
50138.859912631124
10104.92512275452
10555.6899943227
9372.853649139404
8976.6485240404
28283.22261755411
40641.162880686825
12684.32864828997
23880.137925824452
18604.66768662389
7502.7107309186185
4910.306738534639
8509.374813593404
32246.588798353838
44900.08748928336
19953.472457765147
25773.307916685593
24702.085128653882
21652.85601094157
29438.24512919714
32980.1423681115
9668.412899244664
9235.671269616416
18433.869645096536
22011.23880042586
11256.773396533588
3127.9565082871636
10947.15587595521
19063.157359372737
26708.491436204244
8085.659714776416
9512.053823033044
9996.988367125045
16465.887612226397
25136.917920048847
16870.82286941728
24200.801714492398
27178.395155795784
27328.806074985238
28860.580684024233
19775.41448524941
9937.02741870492
9912.330407186995
25202.53716059618
19617.109333709228
20827.317145037097
14542.624107316484
3166.107940987099
16332.327415660371
24060.16073176473
30661.1262202152
16930.79216114865
9767.407009451195
9629.757220600926
10275.928454022074
20142.360502897307
19731.65186378013
10372.144969418992
3202.106196381325
29070.711641683134
18746.760487033876
29001.650889047356
9646.2907528101
10488.013086939967
10265.289043958797
9271.974000791477
24525.964987555217
21224.232659916546
14672.933108717896
8507.230446224816
16456.792973778967
36533.39735566599
27005.279422804368
10165.513409769812
10383.198572269706
8353.088304741437
29785.11091289964
16395.970402135405
4841.6406534993375
9516.5661732097
15479.039955061535
27814.162771102994
15920.674835188443
9464.056293354479
10031.288432276526
18955.354685718237
23455.91334049785
17516.53008948925
26275.980281386266
25008.656819188316
22819.952292808266
32042.56876983199
17538.94783901614
4335.97260790093
6302.123792487521
18341.771345837173
32424.883634511814
12076.8208717385
28182.450347833856
25786.04962175946
21562.12875118921
33462.02149152201
23297.877536661403
10395.801806050678
10758.653476848158
26891.345700427544
27558.658164318218
10252.13007885079
2996.552501168362
18817.597851198774
17294.69190504939
20596.44185444366
8811.086845988451
10445.718797240146
9166.941409798555
26315.339978150158
51191.95944363433
14491.589633387188
26699.894991176072
22553.780136052952
16809.7693323091
28018.629276037216
17488.048998056456
11182.904308008594
9455.495083205922
8358.567607153294
20002.859485415524
16560.69568819882
26875.45091389501
24774.85280591388
25145.10326864553
14250.842549102252
17092.125998430474
10127.142062298088
18883.620838719744
43596.46090095265
15854.69078718091
20403.24139846203
24823.03289156182
24245.827105854834
19410.469245128854
41176.266402909925
18500.326567087064
9616.342286575673
8324.732862444811
28427.627524675325
14454.203068001325
21858.69554204719
6735.17590634213
16932.52970785873
21789.224592704413
9603.097814102506
9331.08625474087
9404.724310886028
20984.069938762244
26902.452116593373
12730.397356612737
2898.659398044611
15218.571347405745
18144.302355372627
22414.554083957228
7515.680623453717
10373.539334585501
9252.62639708921
39640.88505095937
20311.075430459754
13907.325021183768
3383.779839937077
9258.789750650178
20305.839530035508
34892.00345059675
18950.132844248485
8987.264634243278
8544.385567459949
7749.504467609317
23827.08253576589
23969.279976489932
9611.833703684253
5366.876681704854
15864.510380056015
25987.389700756517
6898.811762111131
701.3499040007591
18688.921441627102
11053.210168515181
22130.42543644129
18310.22449541092
3299.9667067305986
8277.975751769403
16146.615575199903
22955.534104546834
8103.615111808444
5043.782752631709
9418.575212894484
7851.094465451185
20957.506086866524
8766.36834139602
3036.8956044219262
12492.610467234323
17145.851116202597
27415.34510740014
8337.471128497013
9157.417306154273
10568.479810581652
8974.037867803907
19782.941397625345
18672.92057627301
12427.50067963711
2834.123064761938
6643.782205351564
18356.406965300095
23974.686903022055
17881.547998450522
9724.832942142042
9598.268509457277
23990.966608601946
19550.476602410163
7662.968442782413
3114.775039301362
15936.457627094069
17336.66353562266
19008.4147495669
17104.960935660572
9446.422459092251
9053.99170196888
8075.415966774142
21093.931547169075
8523.354301879572
2935.2249562463094
11629.25359605634
23833.860368318336
21551.577892796937
7590.331563675127
2507.96805423914
9398.843576684942
11929.826930406482
39153.70803596807
16816.85798534959
4236.8857468186425
6611.51740869256
13479.276157594004
23022.540441867917
7410.059524769007
17484.563481752262
32651.364300921905
5501.643400103547
7901.562758728515
17954.827242058378
20922.50081628977
10989.217117708782
2571.3550823122955
8885.411296977552
13489.081952752069
21625.84413782386
8714.183117646118
9055.454952506132
7608.0101408293085
7947.300340929697
14123.2091740148
25672.30616817918
15515.304298093153
15291.344126041546
23443.21449321491
34963.891768522044
15870.392653742501
9188.94914644818
9328.26638854936
7237.956597587397
32159.045434951782
20137.369865228964
15953.999249924062
12591.874932078428
7975.414912556493
7965.459405777066
8731.31265928579
8144.376539557479
16558.183478155803
23034.953815144163
46032.54118138691
26912.76085893498
24027.91951592024
11245.692572793296
22680.318913393243
8238.680966504784
8684.944926622302
8785.727995406749
9250.92128174804
10337.550301177556
15563.752239909283
25503.81688832128
24593.571778763173
24934.177379053694
18064.709210842153
22076.248491714166
4348.659640561703
27152.488676118297
19686.97285423168
16257.343119077905
26625.179942241935
24253.309019931527
24505.878517328307
26577.131528344264
17964.37570126112
8191.260509651761
8926.94029626181
17584.777059200198
8668.077632416127
21509.85306042017
14167.659038970636
2979.833547338497
7296.36306232907
17353.84229716589
14134.76562107441
15765.375245213509
10152.608427172483
8858.162399380706
27117.066442937354
11632.720870051273
5956.991216836974
2625.0761332733687
7179.255000551079
19079.03684565633
8592.23389027978
9135.981174010178
9483.251980448878
9446.84110605994
26170.95322573462
17317.27993163397
14359.506728017053
2861.151309922684
4988.509913200556
17451.205659627914
27257.86128762711
7605.596364431603
11394.851242248402
9304.969633945198
8620.729409739028
18431.76045365389
17206.996167343717
4712.67544738082
3314.4050433996113
8889.851751665736
16007.584773945255
18149.28997133222
8073.972807141237
9165.18304869186
8867.397010714509
5239.501373778942
22600.377452107365
5342.356068649958
6088.571182095728
18733.248038034108
32562.555734495785
6934.035265354223
8738.275908647582
9447.548522949219
15087.993404166644
26820.463041427523
16936.184179283853
25769.589448196944
16979.15518669195
16001.788338999415
31816.631521102994
11679.944507196893
9843.849055622899
8923.983887938566
13760.688207521342
9057.685720898384
15095.360208810762
18335.918656548787
17805.972139336343
3124.4616333828417
2661.602372102959
12272.078955362009
25412.427900530573
8780.00841025419
10265.099512603394
9050.25657274834
18891.485899326413
21169.87069297114
12580.079504337422
5794.813815227774
2728.418998540834
19692.35278923567
15351.7563829422
42606.09636111038
9355.376517871091
9162.395709370458
8988.278763837592
8416.781415163085
17288.986355285313
11408.710243388663
24338.09500042228
22606.478393554688
24242.976643407066
23501.323192596436
26148.387073832888
7095.862588935121
8783.207741632017
25056.98478995922
25948.47043449934
22159.472167724787
3444.0810361047124
5759.791390970696
29217.725482386213
22570.47214616454
8227.105205699454
8872.175976420558
10362.733324633089
7586.503775821176
36291.16414788712
15253.693855701491
8593.969231904939
16890.867337614993
33087.1677272597
3569.500319473272
2959.0112922136173
9441.868539510771
17435.471085304438
12821.671527639379
8560.708043669545
18034.204676827718
16337.496774445266
9039.947238913803
36111.87664858269
18815.285423500594
24977.03107044309
26530.368039375127
23946.03307111873
21292.283683399823
17744.021758478742
37514.11020565172
7043.329735944438
17207.917181148085
25893.375405613766
16142.786758777707
10432.980336937793
2700.0912262450815
15972.596580461015
26290.519121341928
17407.43332888082
8239.485411162294
6769.003698663656
16972.143143299014
28445.57818551396
28061.940013475196
24512.79328528116
24836.761115850404
24931.774092563363
16867.491135397624
20659.99033240385
16328.850619693136
22256.394401528116
17006.53089095271
26012.25384539227
24166.724897517714
22545.852114566536
22637.14308020126
54325.01482125216
55631.695945207466
51482.35455961006
7145.546519479086
45176.727784777795
25033.377153973248
23123.848600165788
25361.838029290353
11228.523279930963
16160.56009865916
9049.648073825725
8099.023705213569
9572.114254505135
17880.759198653144
32878.50231847652
17430.86311688534
17843.324311056804
2990.788642617159
8930.701335452324
15130.812228979066
8146.199625769327
8314.923410947933
27263.125700917353
23410.46033681548
13841.234010797947
23495.41971321993
23745.052504428597
21705.83663602208
27371.522570909456
26273.605350915775
4405.802436333756
7498.289171777492
16041.37544364638
18481.635590946953
17144.40993505162
6603.45973858168
3243.4211254424827
9060.245328641215
16007.069598830023
33032.287801731465
8271.853519800097
16679.556152277215
17597.105432831962
15518.27897149463
8888.339051645855
34618.889465709064
10622.892192585523
8550.637893360714
7674.212591137997
27608.29062323792
17106.681299886037
3685.8439534417416
6181.141163921633
14950.625214406224
26679.96607730555
15688.600047768548
8906.446707481562
8122.319937963125
15252.833084569422
27823.904933409634
3706.805281783259
2706.7537337236627
2489.639259338379
24213.459877515947
24097.02538525954
7397.375342646311
8658.545919939528
8460.499344226926
9258.351506787678
14841.08250195481
17689.431427844735
16819.849414803262
24048.099381202876
22851.986125369403
17719.902458412704
19720.002170717995
9219.233784875205
8976.24266690986
9020.233731308908
13690.719227329937
12001.388226985931
3302.959513120873
11343.104060857795
28331.054970214533
29371.56671654901
6779.353195872418
8302.428687894067
10935.474599275478
27532.22204220295
14851.590590720953
7932.359799484874
2727.2319365213084
8465.210617248402
18211.900990330894
20263.05545418623
8954.90457810912
9669.822797553485
8709.744975666667
19584.411140993583
13815.121989147608
9498.92816248051
23153.037383767063
23812.93950395806
16731.481624691984
22059.83163157175
24236.669788094456
10574.939140979634
22170.872140928757
12237.472097590913
8133.933932110321
7280.410994984383
9354.338924496673
8487.598526732867
24854.39945871331
21037.64720777024
17647.613538320675
25099.10937038688
23081.46290198038
17741.308442154597
16843.460874884626
7994.031258727229
8510.184458643891
9153.344305470933
24054.228336012642
14603.173787901567
8753.477982984727
2919.006083810052
9330.851580016835
25017.918758616892
31512.14055595772
16337.340725477352
16591.550316721896
15735.630923282268
7676.665414746418
21456.928380411726
9133.034982947416
16258.929188298625
21412.538265282332
21595.657716723377
19425.957583083662
23752.63151159952
24145.178962175236
14855.040256489156
7966.167605294738
3185.2424949657084
15528.162912690363
